[*] AdventOfCode 2018 - day 21 part A
[*] IP mapped to register: 3
[x] 
[x] ip= 0 [       1 ,       0 ,       0 ,       0 ,       0 ,       0 ] -- seti 123 0 5      --  [        1 ,       0 ,       0 ,       0 ,       0 ,     123  ]
[x] ip= 1 [       1 ,       0 ,       0 ,       0 ,       0 ,     123 ] -- bani 5 456 5      --  [        1 ,       0 ,       0 ,       1 ,       0 ,      72  ]
[x] ip= 2 [       1 ,       0 ,       0 ,       1 ,       0 ,      72 ] -- eqri 5 72 5       --  [        1 ,       0 ,       0 ,       2 ,       0 ,       1  ]
[x] ip= 3 [       1 ,       0 ,       0 ,       2 ,       0 ,       1 ] -- addr 5 3 3        --  [        1 ,       0 ,       0 ,       4 ,       0 ,       1  ]
[x] ip= 5 [       1 ,       0 ,       0 ,       4 ,       0 ,       1 ] -- seti 0 5 5        --  [        1 ,       0 ,       0 ,       5 ,       0 ,       0  ]
[x] ip= 6 [       1 ,       0 ,       0 ,       5 ,       0 ,       0 ] -- bori 5 65536 2    --  [        1 ,       0 ,   65536 ,       6 ,       0 ,       0  ]
[x] ip= 7 [       1 ,       0 ,   65536 ,       6 ,       0 ,       0 ] -- seti 10362650 3 5 --  [        1 ,       0 ,   65536 ,       7 ,       0 ,10362650  ]
[x] ip= 8 [       1 ,       0 ,   65536 ,       7 ,       0 ,10362650 ] -- bani 2 255 4      --  [        1 ,       0 ,   65536 ,       8 ,       0 ,10362650  ]
[x] ip= 9 [       1 ,       0 ,   65536 ,       8 ,       0 ,10362650 ] -- addr 5 4 5        --  [        1 ,       0 ,   65536 ,       9 ,       0 ,10362650  ]
[x] ip=10 [       1 ,       0 ,   65536 ,       9 ,       0 ,10362650 ] -- bani 5 16777215 5 --  [        1 ,       0 ,   65536 ,      10 ,       0 ,10362650  ]
[x] ip=11 [       1 ,       0 ,   65536 ,      10 ,       0 ,10362650 ] -- muli 5 65899 5    --  [        1 ,       0 ,   65536 ,      11 ,       0 ,682888... ]
[x] ip=12 [       1 ,       0 ,   65536 ,      11 ,       0 ,682888...] -- bani 5 16777215 5 --  [        1 ,       0 ,   65536 ,      12 ,       0 , 5249502  ]
[x] ip=13 [       1 ,       0 ,   65536 ,      12 ,       0 , 5249502 ] -- gtir 256 2 4      --  [        1 ,       0 ,   65536 ,      13 ,       0 , 5249502  ]
[x] ip=14 [       1 ,       0 ,   65536 ,      13 ,       0 , 5249502 ] -- addr 4 3 3        --  [        1 ,       0 ,   65536 ,      14 ,       0 , 5249502  ]
[x] ip=15 [       1 ,       0 ,   65536 ,      14 ,       0 , 5249502 ] -- addi 3 1 3        --  [        1 ,       0 ,   65536 ,      16 ,       0 , 5249502  ]
[x] ip=17 [       1 ,       0 ,   65536 ,      16 ,       0 , 5249502 ] -- seti 0 3 4        --  [        1 ,       0 ,   65536 ,      17 ,       0 , 5249502  ]
[x] ip=18 [       1 ,       0 ,   65536 ,      17 ,       0 , 5249502 ] -- addi 4 1 1        --  [        1 ,       1 ,   65536 ,      18 ,       0 , 5249502  ]
[x] ip=19 [       1 ,       1 ,   65536 ,      18 ,       0 , 5249502 ] -- muli 1 256 1      --  [        1 ,     256 ,   65536 ,      19 ,       0 , 5249502  ]
[x] ip=20 [       1 ,     256 ,   65536 ,      19 ,       0 , 5249502 ] -- gtrr 1 2 1        --  [        1 ,       0 ,   65536 ,      20 ,       0 , 5249502  ]
[x] ip=21 [       1 ,       0 ,   65536 ,      20 ,       0 , 5249502 ] -- addr 1 3 3        --  [        1 ,       0 ,   65536 ,      21 ,       0 , 5249502  ]
[x] ip=22 [       1 ,       0 ,   65536 ,      21 ,       0 , 5249502 ] -- addi 3 1 3        --  [        1 ,       0 ,   65536 ,      23 ,       0 , 5249502  ]
[x] ip=24 [       1 ,       0 ,   65536 ,      23 ,       0 , 5249502 ] -- addi 4 1 4        --  [        1 ,       0 ,   65536 ,      24 ,       1 , 5249502  ]
[x] ip=25 [       1 ,       0 ,   65536 ,      24 ,       1 , 5249502 ] -- seti 17 7 3       --  [        1 ,       0 ,   65536 ,      17 ,       1 , 5249502  ]
[x] ip=18 [       1 ,       0 ,   65536 ,      17 ,       1 , 5249502 ] -- addi 4 1 1        --  [        1 ,       2 ,   65536 ,      18 ,       1 , 5249502  ]
[x] ip=19 [       1 ,       2 ,   65536 ,      18 ,       1 , 5249502 ] -- muli 1 256 1      --  [        1 ,     512 ,   65536 ,      19 ,       1 , 5249502  ]
[x] ip=20 [       1 ,     512 ,   65536 ,      19 ,       1 , 5249502 ] -- gtrr 1 2 1        --  [        1 ,       0 ,   65536 ,      20 ,       1 , 5249502  ]
[x] ip=21 [       1 ,       0 ,   65536 ,      20 ,       1 , 5249502 ] -- addr 1 3 3        --  [        1 ,       0 ,   65536 ,      21 ,       1 , 5249502  ]
[x] ip=22 [       1 ,       0 ,   65536 ,      21 ,       1 , 5249502 ] -- addi 3 1 3        --  [        1 ,       0 ,   65536 ,      23 ,       1 , 5249502  ]
[x] ip=24 [       1 ,       0 ,   65536 ,      23 ,       1 , 5249502 ] -- addi 4 1 4        --  [        1 ,       0 ,   65536 ,      24 ,       2 , 5249502  ]
[x] ip=25 [       1 ,       0 ,   65536 ,      24 ,       2 , 5249502 ] -- seti 17 7 3       --  [        1 ,       0 ,   65536 ,      17 ,       2 , 5249502  ]
[x] ip=18 [       1 ,       0 ,   65536 ,      17 ,       2 , 5249502 ] -- addi 4 1 1        --  [        1 ,       3 ,   65536 ,      18 ,       2 , 5249502  ]
[x] ip=19 [       1 ,       3 ,   65536 ,      18 ,       2 , 5249502 ] -- muli 1 256 1      --  [        1 ,     768 ,   65536 ,      19 ,       2 , 5249502  ]
[x] ip=20 [       1 ,     768 ,   65536 ,      19 ,       2 , 5249502 ] -- gtrr 1 2 1        --  [        1 ,       0 ,   65536 ,      20 ,       2 , 5249502  ]
[x] ip=21 [       1 ,       0 ,   65536 ,      20 ,       2 , 5249502 ] -- addr 1 3 3        --  [        1 ,       0 ,   65536 ,      21 ,       2 , 5249502  ]
[x] ip=22 [       1 ,       0 ,   65536 ,      21 ,       2 , 5249502 ] -- addi 3 1 3        --  [        1 ,       0 ,   65536 ,      23 ,       2 , 5249502  ]
[x] ip=24 [       1 ,       0 ,   65536 ,      23 ,       2 , 5249502 ] -- addi 4 1 4        --  [        1 ,       0 ,   65536 ,      24 ,       3 , 5249502  ]
[x] ip=25 [       1 ,       0 ,   65536 ,      24 ,       3 , 5249502 ] -- seti 17 7 3       --  [        1 ,       0 ,   65536 ,      17 ,       3 , 5249502  ]
[x] ip=18 [       1 ,       0 ,   65536 ,      17 ,       3 , 5249502 ] -- addi 4 1 1        --  [        1 ,       4 ,   65536 ,      18 ,       3 , 5249502  ]
[x] ip=19 [       1 ,       4 ,   65536 ,      18 ,       3 , 5249502 ] -- muli 1 256 1      --  [        1 ,    1024 ,   65536 ,      19 ,       3 , 5249502  ]
[x] ip=20 [       1 ,    1024 ,   65536 ,      19 ,       3 , 5249502 ] -- gtrr 1 2 1        --  [        1 ,       0 ,   65536 ,      20 ,       3 , 5249502  ]
[x] ip=21 [       1 ,       0 ,   65536 ,      20 ,       3 , 5249502 ] -- addr 1 3 3        --  [        1 ,       0 ,   65536 ,      21 ,       3 , 5249502  ]
[x] ip=22 [       1 ,       0 ,   65536 ,      21 ,       3 , 5249502 ] -- addi 3 1 3        --  [        1 ,       0 ,   65536 ,      23 ,       3 , 5249502  ]
[x] ip=24 [       1 ,       0 ,   65536 ,      23 ,       3 , 5249502 ] -- addi 4 1 4        --  [        1 ,       0 ,   65536 ,      24 ,       4 , 5249502  ]
[x] ip=25 [       1 ,       0 ,   65536 ,      24 ,       4 , 5249502 ] -- seti 17 7 3       --  [        1 ,       0 ,   65536 ,      17 ,       4 , 5249502  ]
[x] ip=18 [       1 ,       0 ,   65536 ,      17 ,       4 , 5249502 ] -- addi 4 1 1        --  [        1 ,       5 ,   65536 ,      18 ,       4 , 5249502  ]
[x] ip=19 [       1 ,       5 ,   65536 ,      18 ,       4 , 5249502 ] -- muli 1 256 1      --  [        1 ,    1280 ,   65536 ,      19 ,       4 , 5249502  ]
[x] ip=20 [       1 ,    1280 ,   65536 ,      19 ,       4 , 5249502 ] -- gtrr 1 2 1        --  [        1 ,       0 ,   65536 ,      20 ,       4 , 5249502  ]
[x] ip=21 [       1 ,       0 ,   65536 ,      20 ,       4 , 5249502 ] -- addr 1 3 3        --  [        1 ,       0 ,   65536 ,      21 ,       4 , 5249502  ]
[x] ip=22 [       1 ,       0 ,   65536 ,      21 ,       4 , 5249502 ] -- addi 3 1 3        --  [        1 ,       0 ,   65536 ,      23 ,       4 , 5249502  ]
[x] ip=24 [       1 ,       0 ,   65536 ,      23 ,       4 , 5249502 ] -- addi 4 1 4        --  [        1 ,       0 ,   65536 ,      24 ,       5 , 5249502  ]
[x] ip=25 [       1 ,       0 ,   65536 ,      24 ,       5 , 5249502 ] -- seti 17 7 3       --  [        1 ,       0 ,   65536 ,      17 ,       5 , 5249502  ]
[+] 1
